$ANSIBLE_VAULT;1.1;AES256
62336632326161373562316438616161393864303866653363303836636366626332353830636266
3663643631616338666662323630656164613030333662630a633461616635333064623265353932
39353730353335373131393937643537353831306130393335333266626132386436326430633966
3166633263633461340a373336633262336335366264613132343561383334356363396337626564
61366361326663646364613831626639653638663063356532303264376335303933356234653163
38323632366333656266313134303663653433616635663437363535303037313662373733666539
62663237663064646533326630663334363230623039303163376161613837616461383831343962
39643331623233376464643965626436326564633162663332633534313666313138393266643435
63353533666264643130656563373633646238363138376363376136643762666261363338356136
62353437643039346262373334366438623061663864626562343062393339363039633233656631
38393366363433386565326434613232306135306536616436353031646137303166336365306563
37326536666133383730376161666637353264623863623132343963343261323630663538336665
32383966646462323139623637366163666439373034363738323433626333363439353133653236
38663637646563366364336164636465613437353065653534323463303238353438666264303734
62333935363563323866333935393265363637336637326466663363633834353334623565653935
30643532346434336466626431376339376532313762313831623763636563663331636432383464
39313135303237643735363732646565353436646133326239613835333463356238626133383736
34353531346564333866633830613965363431653566643862313461636338653336333338633236
31323433326665323832346632306135643130346666636266356462376630383164616138306432
38323738323030636637643763373462353132653130373136333066303737623565346230313734
31386166626232306362633336373064646331393031373061663435353664363736343533313834
37383062646564656638303630626331333737326131353339363332643162333538653061376236
33643036316535383733666535353062333261646230656362326465613765666431653531353639
31653739333730623433393963393631386630366663613362373734626335623235353336303333
37366639623235336364343463376262366236313637643164306435393930346237326466366133
65383735373165356137336639353865306633343839383465383465326136663338303138643939
38636462373538396166666530306633326334643262343436633238646361643861663461636237
36653432303438313135646164633561663631636634613566323764323739613863316236613236
35326362316534333631313234393232343665383535313232363338613431316435303835376130
33613431366235366236656137333666376239633435323532396639306333663162373039656265
36306365356531643131396561353966616433643762353438363037663237623930623731383362
64353964626132393462643238376633323636343436643538613933653733343863336163643561
66316565336361666566613263303865383139643939623639373336323166353366616336663961
65363562363835366339623761393938386536323463383431613266356163373337383735303939
64623838353633383338353134356562336137383265663837376333383230616362353166653831
64666465303264313165616239363734393339393935373239343632643737623336393366623236
37303238656333393437666438646631373536343162353164336661623764383238343332383738
35663363373262333862306663323237366331333230386232356436396663646230313039643738
35386434363161333131336463613635393864393263383230366639623436393566313661336337
34373432313964393965336137336463343261306561366537616438383932386633653761383463
32383264373535303862623965326631333839386166303834363137613563616338383033663634
38306164326637653030343666353863333661636433306465353333643661313332663230646237
36663435393838356536643534333563316464653964663862343231663438613861323263633365
64356138366661623831636631653532373632613863396433633561356433626166353636396333
39646565653765653733636266363837626630643530313530393266373666633333323037356632
31383465626638323164633530623932626335623865656333306439633431393131363661666663
37623032393164353734646563633332303766613137353964353036323832303162623761313061
38613832356534326331393866623261346666346132623761393461336361396131633330316534
30616263343464303930373963356536373166353430326461386135346464646633363465316534
35343830663865366363353437626663636532633335653832613632613234393933616162353532
32376235303439393538623663323436323066323636303231653637396232366535346433303438
32376563396464363437353236623738333330326665633836333862386433393139306337386237
62336465643165626534373836316265653739353639366433616337303165353134393132656436
64646533363264396437336139396339663861323165656632336563396265653461353538333866
33316136373139623236663064643765323063323139316434383333646665333164663661386165
64303333313766363235646265616563393762373462373933373438653163653236613566396530
38346362653732383365393332613039303638333232653630313435313565393032633465343965
63393763393132363534646332613263333765643863626237316632623562333463636462633638
62663063633130333938363239626532663336666338326438613230653764366463363930363966
62333164383465333865333866323836316366353065636638363331313537353830663038303834
32616563383563303139326533363930366465386431336231393066633666373862636264353737
65366464653038326135383362663863646363396263333631623239393932373763306638336330
31633837643362623730396362663737623431383333333230373564313831396233386365356666
66363239396665633030663965383361613762356163623132303032623432323931346365326330
30336333386232393638323661303137366133373064636632393530613538636164653933666264
32626466333539623166303139613430326137343739396238643461316231613462616632633266
33646265643963653762343534303633363164363836393337396134353861633737343838353166
64303839373632306330363962353161613634323432616537333831343835343736343061333661
39626262336230653564636662663334353233336461373064313061306139366136646335346138
64663539383434353739626336663033366362653461383166313331333061393030666562383233
63396330353565396132653763386436356637393737646234646133396636303638656464313833
39613166656334373766376232666264623432353931306533666534313535326563623538616631
61393433306634356563653232633333663264386262643664623534393364366463346534663765
63613563376530316465396537343465346566303063353831353137356662633562663362633065
31396534376537643231666366346139303039663431363162666135323066663364646336376233
37313062666266303865353633366234643534633338373031626631353566626262316134663933
63303230373638323332383635633738336633353733623433373066643135323664356466633062
39343232303934386133356464393464373563653535623830306662393765313436623536306230
63356536663937313434323464663461633563333763616365623134643632656230373535323864
31353364653462353738303361623439333264333861353139663131363037646236316235363463
66626161396562376465306336623433356436323336616661376433303233313565316564653762
32313061376666636335373066353366356365316134613630656265313830303162366634636533
62366265326630643036323037376564623531636631383532613935633636663034323733323662
65646631353632613735386236373838333737613933366132393835386464386262616666636439
38633063616535396137666638636663303364353033303533373339353031373432626366666234
37336263666664623433303034646535343063656635346232376461336235373330613438313963
30613238356364623636663562643935646236396461616332313938346532376566326134653063
66323837646264383466653734373631623462303633336434323433373934663566373831373037
63393434383337653966386664343539386336353762316264333432353038343634643435396535
63666238663738323562643730376630346539393161303732346563373762616233306263363163
65313565363131653332303730313266626432336232366332346130633862346364323865383635
62623635393566636438363339333937363538623861383531663335353961653036316365623435
33656238393561343934383333303239303636373265663463656265306434343863646534343761
34656239623163663065343934326334646462386235356435613339353531363737633734393430
30313163333330333232653132306639383837326337646634666564333932646632646433663465
32336235323964393661393666626664316664646330623234636439663339366163653762663134
61313835306562613561613732636333626563376330343163613361393266646231306538303037
66396139633663356334613234363434373330336331373439373565393863353937653033623438
34313166373037653164373935333662306434303237313465343936616139333233316132643266
39356266646263313361336265373464653438653066623530323462373438663065373635363830
36326538636264363739383138623161393934376234323732333335666537343263326437383636
33323566336664383661656139343938626232316234633239626632346563633638376236363531
62366536323962666236653835383161393332313533353239353966346464333066316466383535
35366238363936643036616439393533353036386638313864366362616465613562383233373734
32363039623633326261633536346432613162393634373765336562356432653333303031303033
64396466616134346464646534333534653831366131333463373264316264333233386262306137
64383461653065616661613063376335656134626233386639636434376563336161323161666636
38636166613530313662373638613430643633663733646538623365373862346665636633626131
39626464363363353338373431393537363936363538323533646163656438373434356334356139
37333532616266373864313261636539626435646464336436666462376535643066303533656333
61366334343065616465323538383638633164393930636333336362326438666532373733653937
32663533316463326432353331366231666266353366363462316562663963333939346562353438
61393739636331666663626464643731303663343261383638636661333164336464373739316232
63663664663762653235313331636561363864353132653738323266623033373937316263313763
63393261363637323730356538656631613265633937626133316337623237306339366463396432
31646133313234663634
