$ANSIBLE_VAULT;1.1;AES256
34343065623731383665353334633363336633363238356466643738343233353563373636353130
6431623130353830666334346233376563633164616436640a356134613939393264366331326235
32353138623161373931373963306132653638303365656137636534376438616639393864343736
3434396239306338300a326264366539623033366163323731363363643961306161353366303066
35303530373039363662636637373035613361643662393765376566653663643739326166316136
39333765303831363736373437306330373430626264303563316262653533356438343536353766
66653064393536356534333336323738356436633231333661336339383064613632383264366165
38353863356433636137656138333561306137373533323734383733653262323266383464623165
32653865373861383763373533346638626633316665303537653964313235663331303637363830
35656436646263386431316534613933336231303535353163323762343435626564643034326561
633437316331303836663831623164306630
