$ANSIBLE_VAULT;1.1;AES256
30373431333238666162353433623432383231626538316233303131616236656665653134333038
3732343035383930303462653732353039303233373564370a303336313831643938346433666433
63326562316433336432343064306538363030613832633265353365616139623839353866383238
3235343934626532310a633864333266663363356432326333303331613162333936303537386339
61613037626563613738356334383439383230636439616537386162366139643032396334666462
61313566656230313930346231373930393365363761323432303166366638383536303965626539
32653536366463616663626362373135346438626561636561626334316434656439623264343064
66393037323835306438666365623362383739613538623136343861643164373430656336366463
64376234663931353338633636666265363536336530653266643664646566653536323033343663
34366230323633393438353164366131656265636261646362666631363135623861363463316132
38313833386465666663646662616434656164633964643932313334363063633139333937613866
38326365366535303364663034306462646139643737333462303535643936643634316465616430
65316530386335313434613464656639306161316163363333303363646366323037623364363865
65316230326335666665313563663730633936316430303765383061356666346262323034336262
66623134366563616437346364646462373138643137646333633163623366666130643931653539
30383930643436333935623661313431306137663039383432643061373465303539616330323361
32313336313461373566323136656237306565626434613166653236323835353338313033636533
33623233383634646266616165663962666438626265333265663636303838656539366135383037
32396338363462613965313762613964353637363539636333623661313464653835373633663534
65626137633235623738353464383832313961613662303639353065343864316364336234636132
62383462643762303236343361303961363130366534643265396163353137313563396263343564
33343363663330356235303933343638626161653137386361383731653234326538323132633965
32373138646339616637396332313139313538623137613866626234663138303664663462613531
65366166663835383263303362623966336634323336346538633732643735663933313931333138
35653463346163633937316135323839666337393337356133636139613435393737383339616335
32666231323763626363383137623835303039306137346130313565366138613732383963666461
30333939326361306533353865323762623837333238623339303333353939336265316132303936
35303963326532313863356561383464336366363139316139393433663762663964663765336263
64316636623263353864616465346162336639616166396633633133383364393038323363306535
31363064636135663638613832643737316661623132666431386138393763643836306139316662
36323339373031303030316538633966373666353636363532643039393032383734626231306139
38303835326331626232326139613563613434383633653537376461303363383533616164653162
61666339386664623939643932653561343833393939613233316437396466633464356133313532
38346139633761326564643236633632333866623864333566333238373536666634383466666630
37373831396138653536386165343533653765316432663935633938633731386534376131386563
32333466383431626539626432623536316439323931653436646535653536373139316331653033
31343064383762626263663935623361356333326263306337306235316531343161663832643366
36316434333331373030326366666261646463346630633234666239333336323935623637646338
38316334303139633636616364663831313334313836386264383832613530373361393139353563
62656564356631306533666236393164613035306163393739633764303133373733633735336636
31613138303463653961336163313139656534306530373963326266333736373730303564323132
65333432623235396664376664343163306266626331376330323262643163313462303438363966
63646339616661323765303363653835633231633562616638386130643633393461636130393161
62333832376562383734623939303135613130363264393135343539633734633934346134346366
38633536643764643564306139303563326465323039373461633162383637623133393361326361
62396430326232343866316338336432393439386161356161353133343862333030343234623561
37643937313865633731643962313065626531623831316634346137646536613834656633353937
36663438363730363931666432306164353032633832663463623066326233636239356661386136
65396234646635356536383137303862316666656430356137653534313131383632653735346566
61633063313462366332353765613533633330633066393130633838373231396463616539653230
38313930343863666665346336643433306630666262383336373766363435363636626632636339
65383564393332343661613466326135396162313138333463326565643964396663316631383463
63336133323931313739373238336438363034306263346536323239306237396364353635343830
37383362356666393564666261613862386339383130333132353566656361316430626336353330
35396265663538643132616639343038323136386637643563626561383636366335363632663761
64313665393362353230366166393063336535343139663839316165316631623762386530626535
38333264623962346236313666613562313565323437613465616437626266633832613630616231
35633962353661636362666230366533333066373932376332336232613031356366383731626632
64303534663436376165366431393234613031383935646334363165623539326263323666643963
38396662383439663766323661303062316630333663373833366266623833653831343037393232
66613434656238633534633932316362306135616130363039646334646265653233316332653832
39383562626164383831353234643963656630613031313935373862323066346533623466326134
33396334346435326239383330626432613530666433653062623637303136626464663564343234
37616338653234653735663331653638643030303635313738373337643265333161373663343831
38633839313361663230646337363864373231613937633031383065323439373031613964393165
62626561393361396637656131616236363034663535633661373966376134333132633936353962
62326663376665623035393632383962643238313039346337343033393534353661333462623664
32326136643835393135666130646165326239376665316135626439326535313165383265656362
30386661626231663464373839323563346535316336643965656466373239363837656537346164
36356532333337653630396333366136656532633037303330366663336561316235613963363833
65306164373461326137323536613636343733343931626361363538363666643365623536376334
35616238363932306636363165373936343465356161646531333635623236616537366466373862
30313238643134636536613532306663333663643839393565643466346336326438363161343234
38646530616532323466613764666362333664356334313661633765363336363035323539323633
30306662363432393434643332303765323030666265386430623538613066666132346432646363
34623764623532316562663431353466343734333734373932353763383664666565653632373961
62343739376435336461333233646565333930666465613362323765396566313035633263363130
35356337303439316236363831393466356639373238326433356234356235616163623764346661
38333962376138373236373833333365383163373864383035393638356336663032653030616636
30663133343332343136313732663066386537353863353831633430306662393032653932626538
39316265306431613263316530646565653262393561623262653331323736343233613066346139
63653838323030323836303266383134623537393232333164356538343432313863663264383066
35326339366136636139656539323662643632386462353737313734336638643732373565346232
63383736633262393161386237376533653265316637633836653037323934666138663239666166
39613635326138313734353535343139343637306333333531623836646361623334333638303133
31313766396166663465626536396161343934643465336233623835646434396361343738336538
30623062616330343238386136663639323630336430323765656633396634653066643164353533
33636532363634316466393534396134333436613066363336383336356136343566303033346632
32346564613635666362646161316631393831643462363732663065363632373433336565336563
31623131303933353236616361616661663763633431383363323336633937376161323166663164
62333666353666333037306433363566623063346665373761323936626235653632623130656431
31373366653737613631653632366362363035663039363264623866326336366464316665366164
36663834373936626464313564306266633034653265653038626539386337613033323037636361
33613631373133326533363032633131343733333438373430643738363066343935396436326566
63613364376138393263346636313661643262323864616632363637613037356561653338643537
38323038353162353334373131376230373739313136346135616465343031623739333634313839
37323765616631663830313966613437353936643962306566303162613966633735616263616363
39313265393238303435363165646164366466316364643031663364303365613333333736653530
63633162633632623638366265623066323062373261376537303037613364336266316164386466
37373631623232623464396561666363323663323938383734656436663762306436306336373935
31373034313337663436306263363362636564653065643966306634366466663965623030653233
39616532656238616137316162396639343161613135623931646330373361393131323965363236
34343639376666306630666361633038653066333030663737643839646436656665316464303965
39663233356165656538356235653062366630303535616430366563623839643562336564383839
66303731366164373039373964646564666332623135346163373134393132373266653535363234
39633839623434336134313132633266323531356434623236326466313565636231626639323930
66623834353565333263643861666538336430666433613334343763356366666663623561396563
38376661383632316230316566393162623962316165303736623639396337613566633462643031
38396361396662313334653165656433393064323339666431393738336663313634353966363533
61376639306435646166373664646238616264663833653866346533353162346466393862666135
63623633626439353338653135663437613537383735386534663762333463616464656665366263
32666665633734306137396130623935346361383938643535663835383730636535633237663332
31633863366166353765383833616633616564366161343364336333656131366631643362343736
64313139633263666165393466313438623764663565323033333564626337613237303864346238
38373565323333326138623333396132626631633036623362313161353037633661646262333963
30396165396534386639353365623430613962666362376463313764323739326632316137396335
62343761666463393339336166353633366133306130396138363366623739356663626564363134
36316661363630633462393636323164383665303038336430613339616638366262643064323035
32333036646461316635343232633665346530663364346430343734633666626261633864376535
31363930666330333832323865343530373861373930343836633065373038333463353338636332
37653730363634616237396466313832636538383037626663303131393137316238663731323037
66613763656566646537303863326333353265656133376333626335653736613733396237393366
33333063393463316535623366656361613133366332646235666234383663366537336230316239
32393530353438386331326166386139326464303335356131326334383763616135643335316134
61343465653861623238386237643431363564653530653435633062643937363466383939666266
61393765316533306165393538396236626133653364393436333135313930346536623235333433
66396664626438666631643438323631316666343031393130663930323835303161356533633432
39653237336230663733373536323634613864663030636131646666393566326134316634306632
65333563316164303232336139383032393239303365613835316662663030653939356330663864
34656165343865386434663333616462343831666561343761336539326334346337633630366333
35666434636161353434313730623031303031383566376662333837326132376232623361336230
61353862663135303433323865303539336634383564303766306130386531356261643065303665
63623366346531363966353636636436363533326362663435366631636632313962666562373439
3265303838303537386433663931363465643162616362626431
