$ANSIBLE_VAULT;1.1;AES256
63323939373536313437376132646439313565326231626466666561303961333631653736353636
3638633633306662313137613235336534393261353064610a373133333636366165333833376566
62306630383734396236316233353263393866376334323736633763333033303630663264653334
3232363461623461310a383339613238646431313930323333663765373137613439623761663739
38323663303534353131643263333637396131333634333465346363363637363262306363363566
32363132316239356630376237366239653664663034646639656564646131333939383335396134
34653966313536633161303837383536633530343364666235636464646662633436623433396664
35633639366266613337333462356666653832363733323932383838393237636433366162643332
66366436306662306234333030316438623862643931306165626638653862366265386432623632
65356266343236386237326438646331373631363565633131633939366133663835353930396536
37666538356661323032376661326363326333613633343561316334363230633432626562356664
33366139643962326463343362663461363164323832643733346666333030643364626337636662
34616633636236363862396561326337636432373465363863663438613763363338616437326363
62306537623632396337303733376262616631663130363532366164353635353564343035346533
66336438623162666237353934653736613465373965323861373761313965363664373336643736
35316130363732646263303131643631346537623337653335643635656132316435336130636636
39656164306364666331393236633033323066353633356562333565376333396561613339656437
64646164666665383663636336386139353434353563383037656630343230633463343339666361
63333765613962323465353365316332653862363766323166323630643766353533356630326336
61333035623463306135656131366236396465333237343036353436666563363531326264333730
64373939356534666130396532393733383763343662666365346464333338366365323566303736
62643432333833636639333563366566346265663334386562333461613733663232613939363832
66306662386237353436633462373064353561383137623638346534376235373330353965306137
32336266626430333532306134373362613665363737633030333962623939336261376166343161
33393834346363363538633262646665393535333531353736373766373161373563323834376339
66366437373332393335356339623933326165303564646366623035626564376135386532303336
31633130353362313132656238333565393139336537656235363832626366313532326539666635
30373331663338393662656239306165653331636534383063666435376434373064366361636338
63613434376664386138313837613164313135376330303036303864613236326235613738353663
32626361333666313737313339633939326434666464386639326161393339306431306236333363
64313637646335616538666661346533663834666231646565306366313831646238656662646135
63653066393234306365613265353637323262346366353462306136653266636331626163633036
63393831346261383063656337386163366430306330396531336234376163393530363563626332
66333331376666643238633364366437633965653336323136393634643039306537313663323838
35653939306464643239643236316237346462373939623235646333346365333464636561353136
37343365333161623636646537393734316334393332613239623331346637333363383462383734
63616237306130663233616630363932343738323763303939346335336433616666616366353564
38646237643135363536656138623963326165306365373030366466633631646136366530306330
32353161316361333635656631386264323639633961616236323936613163316163653536393566
64653039363735633864323233656639383730373561313334373565326363613635626633633139
36623436356431623937363234353865326537396265383335353962343031313134656433633432
66376330323232653039333531396639393232333834633533666538333766386136373730353131
34383837376137353063343635313630613562646262666233346432356464633665393561366532
62613030363462656139653734316261313233396262653337326637613835353666383235636336
39363666313238323438656437303433616262633963646533326435373661393365643736326436
34376236333166653832376337643934313436336632663962613064353865653231333836663830
33333736613063326162636530363332393639363937663064303035666461363233656164386637
36666264666661393766333132316561393161636562653136303238303433323365386263373039
61643435336266623565333330643830646238613634393863343064386139366633386562393831
32373763363330376665353737643166666130303037313637353232303930663665666263316432
62383365616137653632383432326232323262323530343061306230613335613437386438616461
33613031353236343330656331383133356433383939656533326534306632353065323835383563
66396139363763393034373263323365616434366162356330333766356166316166363465383364
34353133393933333731663734333837326630626261343263656265323634653636373139363962
36613765313233663836313638363538366530626630656264346631313834373264393230343238
38313430646662653034616333356661363833643065383635333665363533656664656464663564
32303965393065363661333963313765643230353438303165323631613661623062306564666133
61643764633530323036303732616435343839366561386638626230353937373634653234393934
37393732616632303362616139333263356264326234613765313830323265333665386166336235
38646465333336303263643735383734626461383863646130616566383232326631613334646130
34646464333534623131363232313062396630386666623130306230323238633637626431326137
39643162376163393332343830306162353663653039663063386230616361326538363236326431
34383663326434333934626636616665363638333534663337623236363036666335613133653932
37373663616130643931366133393235313539303034316561396431663730653132663565626536
35633136393632643766306437303934336265323964656533646139363435346462623166306165
34656334616132613864346334303839376263656561303734663535663363613434316138636234
37383231366634333733663638346536663663316437323836313334663732386431313136663965
61353231316161313332636666616165303739356134366134643964343838353132396330666436
36356534323932356431313965376332383035343339653163616631303632316531356336336630
31376237316138626439396231393635643831333961643663613262663364346132386566656661
63363265613839643637313864613334383765646562313936343432353965386662643733353562
66303539313063646637636564663961353236643966393662646561653965366166373736636565
38383036363131636533616562306334366463326533663838373236343266353765333465636638
30616666613235626630616463653039626536366438363630323461616633633361323834353437
62386263353461626430646264646232376661396131633434643738663138643061656561646432
38386564396661613864333938613635396430316263346332346163346165326437376161656139
32373365646237613537343161373538613932326632323062313265343532333261363133363062
64333830313238386136343162643638633566393839323164633038656466393836356139386139
65393137303033663438636262646261336665353137623633663564333361333335336136643134
61323935303837373532313334623635616334353134323432343061353833393763363834383432
33303063663739356238626430326331303732333430363364623465336537373663363033353062
66336436623266613135316137306230303237323531633534313633343135346465396431303331
61373439656332313834633632616536626438373763373132383338373461333439376632313664
65336636393937623535373737303761623233623536663866336632303036643664336530653733
61326266653532396566303665313832393161386633366136323566663337653762356239383734
35333634366632383837323134323964643738376230353065623038313232333436366434333835
31663438366330303838623964653661393838613766313837646365363734393238626564343962
61626165613962646665323836646638653637363364383738666138646665383736646262663934
65323935383764653533376564303361643436313232346336333061353238643438653233356263
30623632323431613339646336663164626430383133643233346261376666646630346134326432
36663236326562393739646666303064366230316439646635633237306431663937353866386634
33313432313433393237656439343236363661303237313135326234393837323330633366373335
35663231666338643466333365383466343132633134393631313832356639333262343763353736
36383932333730616662393033326565333233393833303134316266663039303666356263363236
63616337313136653639643235356239343239323233373036303934653463306262313231336338
32366237353265653736386336336364303639666632646637613635313764363034353735303633
33373433646265653739306230336139373737376438383761636137663535633931303664316165
61643933636133613334373936623161383238313934323238393833343335653866323264613638
34303466633530653966393031326163636366353231623830343335393830323961343165356563
37616631366466623863303634363864643737313963323831373934653236373663343966316633
37323661336433643832646463386664303834373162626235323066393433346636616535356566
62613434333237306564386239366265376437316536323030393863653030383536373862653437
61376530303237656236383737636136646563663335633739386137386263363636643063623838
64303338636331303030646334333462303836356164653236616263663034313234653332323662
34323031376236356364663461646237653238666462303639316334653262326535343233646436
33373964303962613338613230383764356433306635343462333638383139383335323131623934
35373939633531343230343765643733303136333562646335633937633734363665303538616366
62373332643763323261636139636666313432316564373335623266346364323238343262646239
32653137303363326234336164303033626437663863363161373835346361336366663661623261
66616366383465306662383031396432343339323238386231633238326434396134616332636431
39343361346133326362386262613464323939303739386130643262353637623738343635393235
38613039623739643332646433623733663161653162663831383234326666623233333361336332
36396133626235353265343035613364643833303833373838383538313334363232393339643337
63386361623135333532366161616532323032646330623531613365636164363133663130366463
64353764616536666436636166363836323830663062313262363133336537386133656562303735
35373933343237343564646631343764623961613038316163333163336466363261333564653930
38383237303437373837356532316632646432383834323133626165303565366261363431306435
36653363326437313262653730383462303533343232353336343362646536376230633861343466
65613932366136363763333532633932333630326530353630376238323530393963636462353638
66316532646333663864633865396234393733316630356631363933663730313265653930666337
32396238356264383431366339633833613934303931646661323666616539376565373734313161
64353535613437363162613762346563626332643734386234343266373064636266343533383163
38663438616463313534666461343762353833363133383834663832613964666563363739383235
65356531623432313563393538383664666565636537313161613837313834663433373366643464
65616639623463633435303062333466316235303064366230333035663034653137376438333139
39363731656435303632663539633162396665653365643234343335316566343066313337636530
64386131663263323062376237366136373833366232303633336434316334643439636430383666
37643666643437626330636363333734333461303465313064323731633239333037316437386634
66373261373236326263643762333131303466336663333564323763393839363134336563346264
31666561623038353035323737386538396333613464306130353133363537633132363732616637
66656537376365306333353334393930363961666430623933386161643730636634653266613531
37646235376334656631633235363033363366396331343065316439386134613865336362316635
32656533336165326263306664366534656132333366363862666235363464313632393566643038
31313134386362323438666536383934656532303937366361343932396664656630393337386531
65316132346636663232616665393737356530633265363633356331326465393736356136346437
32376664613961386136393134666530306633343439353435336263643937653031643536656639
36363365626335396562386165306362653763666534396233396166306237323837366531623265
31633033313564343766326236326636663730386433656361643261663139353165643835396364
65623735626336383136363936333932363138343463383338613531643963363735306431636637
64656565356638313438333664313537613234623632623664313135303561663861373638626134
31653537643434373035343835336464353231633361366439356362663530363264313137373664
34646465376464643866646363366266303630333161663436376235643633373634613035316239
32333964396134396139373130323030343334393733373838633066616434623237646530623135
32363731376237326531666232356330636637363637366233343239643532613066663564646265
32636639643533353536336534323538623564616330626464323261386531613031356265663966
38653831636665386532383332666366653233613039323239343235373866393263386638643561
61643534623037616664653266313030323437383564363636383736366431653164316663633237
39653033313134666132376134383437393766316630303166646339613165646164623138326138
65356431613533303065363232656161623762326636383364396361643037363734333738396563
33356633636633343430323839343238396534633634333366623133656533346463363532653965
63633165343736636466333866373834653231653631303163313964366632356330353839656130
66353336623763343334613661373236646366353765353935356164663837343931616638323631
62636264633232383362333931666530363130363461653731363430633138363939323362343339
38313530366132303333353532356535343763393366653936616661333839393766343031363135
36626337343332376136613066333933306133326332666162396665353062653834623035616530
38646534343534326134626331343064626236303363316233356135653462323637313133626231
32646139333433346562326633306438646333633464366361636337313161646130376165363561
61666461316464333038613336633337383435316261373033343764636635663034626239623137
62663130336231316364343363663039613461383532326565666231323464316237333664646238
33323535646461393966383234303064363533663361306332353235333963663061373531646534
61336563316137663032386562383264663262623337316131306264613832376465313362613464
66333639333035643264633266336263646462303630616636626561353634353532313264646438
63643233336634666263326230643033353663353263393936316133363664376137316633316462
31653036636234343833386631333834336135396135306536326361643464643366316161366534
65336132663765326334386231333736396131303562613334386636383064366232633337393238
35663564653061353362643162393330323162643530306637326638363462343861616664623864
61666632353362343830333965336133623130633134393133353263626638343664313965353139
36373834636331386335346239626131633866383935393964623133303463346466613662316164
35613036663664306635353761303739313635343666643537663061636465326332656262646461
33396133663665323832666433616136353966353830363066653435356361636531623865356234
61363233653762313036613864303333633765643564323132326137643330653561646631633261
32656564336136393333656434623635633938336139646231363836383466386539633730306139
61643338303761366131353966336439366162613635346333366232353863636631
